              precision    recall  f1-score   support

           0     0.0000    0.0000    0.0000        15
           1     0.3333    0.1250    0.1818         8
           2     0.3333    0.2308    0.2727        13
           3     0.1111    0.1429    0.1250         7
           4     0.3333    0.2308    0.2727        13
           5     0.1333    1.0000    0.2353         4

    accuracy                         0.2000        60
   macro avg     0.2074    0.2882    0.1813        60
weighted avg     0.2107    0.2000    0.1727        60
