              precision    recall  f1-score   support

           0     0.0000    0.0000    0.0000        15
           1     0.0000    0.0000    0.0000         8
           2     0.3333    0.3077    0.3200        13
           3     0.1000    0.1429    0.1176         7
           4     0.4000    0.1538    0.2222        13
           5     0.1290    1.0000    0.2286         4

    accuracy                         0.1833        60
   macro avg     0.1604    0.2674    0.1481        60
weighted avg     0.1792    0.1833    0.1464        60
